v1 = [1;1;1], v2 = [2;3;4]

v1 =

     1
     1
     1


v2 =

     2
     3
     4

v1 + v2

ans =

     3
     4
     5

v2 - v1

ans =

     1
     2
     3

m1 = [1 1;3 3]

m1 =

     1     1
     3     3

m2 = [2 4;2 4]

m2 =

     2     4
     2     4

m1 + m2

ans =

     3     5
     5     7

v1 + m2
{Matrix dimensions must agree.
} 
