[1 5 4;3 7 -1] * [2;0;2]

ans =

    10
     4

[1 0;3 -1;2 5] * [1 -2;0 7]

ans =

     1    -2
     3   -13
     2    31

[1 -1;2 0] ^ 2

ans =

    -1    -1
     2    -2

[1 -1;2 0] .^ 2

ans =

     1     1
     4     0

~~~~~~~~~~~~
For .^ it is multiplying elements one by one so the result is different. 
~~~~~~~~~~~~
diary off
