A = [1 0 3 2; 0 1 0 5; 2 0 3 7; 4 9 0 5]

A =

     1     0     3     2
     0     1     0     5
     2     0     3     7
     4     9     0     5

A'

ans =

     1     0     2     4
     0     1     0     9
     3     0     3     0
     2     5     7     5

transpose(A)

ans =

     1     0     2     4
     0     1     0     9
     3     0     3     0
     2     5     7     5

I = eye(3)

I =

     1     0     0
     0     1     0
     0     0     1

B = [2 3 10; -3 1 4; 5 6 8]

B =

     2     3    10
    -3     1     4
     5     6     8

b = [1.5; -3.75; 1.14]

b =

    1.5000
   -3.7500
    1.1400

B * I

ans =

     2     3    10
    -3     1     4
     5     6     8

I * b

ans =

    1.5000
   -3.7500
    1.1400

C = [2 3; 1 1]

C =

     2     3
     1     1

D = inv(C)

D =

    -1     3
     1    -2

C * D

ans =

     1     0
     0     1

D * C

ans =

     1     0
     0     1

diary off
